Mach Virtual Memory Statistics: (page size of 16384 bytes)
    free   active   specul inactive throttle    wired  prgable   faults     copy    0fill reactive   purged file-backed anonymous cmprssed cmprssor  dcomprs   comprs  pageins  pageout  swapins swapouts
    5793    99812     1676    97664        0    74512        2 68499848   824279 54764954  4507234   489699       60549    138603   530072   210055  4582053 12358828  1271000    18397      224    23116 
    5138    95052     1911    92417        0    78458        0    69083      115    67208     7908      118       60914    128466   599515   216543      643    70363      212        0        0        0 
    5127    96248     2441    92929        0    76308        0    69948        8    67473      130      297       61482    130136   666428   216407     3235    70213      266        0        0        0 
    1032    98710     2453    95560        0    74455        0    36107        0    35674        8      230       61501    135222   696925   216362      289    30867        6        0        0        0 
    3941    97266     2521    94320        0    74891      192    31974        4    31594        6      194       61583    132524   730743   216592      860    34684       45        0        0        0 
    4765    97260     2430    93906        0    74615        6    66287        0    66035       14      195       61494    132102   796373   216640      331    66293        3        0        0        0 
    4998    97170      728    95441        0    74620        0    66595        0    66446        1        6       59792    133547   860539   216587      403    64588        0        1        0        0 
    5081    96617      893    94684        0    76172        0    74465      254    69353       16      259       59975    132219   929128   216094     1776    70451      188        0        0        0 
    5790    95778      352    95047        0    75453        0    66661        0    66430      216       43       59442    131735   993904   217075      268    65045       10       22        0        0 
    5267    96773      283    95166        0    74997        0    66299        0    66065        9      239       59373    132849  1058330   217204      722    65152        0        0        0        0 
    2875    95981      302    93969        0    79288        0    25670        1    15741        0     1344       59353    130899  1068962   215966     4010    14692        7        0       16        0 
    5306    98082      300    93236        0    74695      277    56671        0    56434      180        0       59351    132267  1128843   217985      160    60593        0        0        0        0 
    5145    95932      284    94982        0    74629      390    65885        0    65687        4      407       59335    131863  1194378   218628      119    65668        0        0        0        0 
   45332    75913      288    75268        0    74606      394     1553        0       67        0        0       59337     92132   578634   218148     1153        0        0        0        0        0 
   45226    75948      289    75284        0    74649      394      146        0       61        0        0       59338     92183   578528   218137       96        0        0        0        4        0 
   45125    76053      301    75382        0    74645      396      396        0       70        0        0       59351     92385   578265   218062      255        0        9        0        0        0 
   44624    76371      300    75562        0    74645      396      645        0      473        0        0       59351     92882   578141   218030      123        0        0        0        0        0 
   44561    76404      304    75587        0    74645      397      202        0       42        0        0       59360     92935   578012   218003      101        0        9        0        0        0 
   44545    76426      304    75607        0    74645      396      112        0       28        0        0       59360     92977   577960   217999       50        0        0        0        0        0 
   44332    76649      304    75819        0    74645      396      665        0       35        0        0       59360     93412   577508   217888      451        0        0        0        0        0 
   43878    76872      304    76026        0    74646      395     1007        0       45        0        0       59360     93842   577067   217831      439        0        0        0        0        0 
Mach Virtual Memory Statistics: (page size of 16384 bytes)
    free   active   specul inactive throttle    wired  prgable   faults     copy    0fill reactive   purged file-backed anonymous cmprssed cmprssor  dcomprs   comprs  pageins  pageout  swapins swapouts
   43873    76875      304    76030        0    74646      395 69200283   824661 55439940  4515726   493031       59360     93849   576979   217820  4597560 13037437  1271755    18420      244    23116 
   43449    77186      304    76312        0    74646      395      982        0       89        0        0       59360     94442   576341   217580      589        0        0        0        0        0 
   43491    77209      304    76325        0    74646      398       77        0       36        0        0       59360     94478   576314   217574       27        0        0        0        0        0 
   43467    77220      305    76331        0    74646      398       71        0       25        0        0       59361     94495   576291   217572       23        0        0        0        0        0 
   41438    78445      307    76850        0    74880        7     3481        0     2117        0        0       59376     96226   575979   217542      272        0       13        0        0        0 
   41178    78339      307    77350        0    74872        7      621        0       69        0        0       59376     96620   575607   217432      372        0        0        0        0        0 
   41187    78472      307    77505        0    74634       91      157        0       29        0        0       59376     96908   575533   217418       73        0        0        0        0        0 
   41303    78507      310    77510        0    74634       91      338        0       41        0        0       59379     96948   575156   217260      206        0        0        0        0        0 
   39840    80205      603    78243        0    74634       91     4162        0      725        0        0       59674     99377   573307   216102     1759        0        3        0        0        0 
   39717    80263      610    78285        0    74634       91      227        0       76        0        0       59682     99476   573206   216066       98        0        2        0        0        0 
   39667    80304      610    78320        0    74634       91      143        0       41        9        0       59683     99551   573133   216038       73        0        1        0        0        0 
   39604    80337      628    78360        0    74634       91      183        0       36       31        0       59681     99644   573047   216010       84        0        0        0        0        0 
   39616    80354      628    78355        0    74634       88       89        0       50        0        0       59681     99656   573026   216003       21        0        0        0        0        0 
   39524    80374      628    78361        0    74634       88       65        0       25        0        0       59681     99682   573000   215999       26        0        0        0        0        0 
   39497    80390      628    78371        0    74634       88       74        0       29        0        0       59681     99708   572980   215992       20        0        0        0        0        0 
   39528    80398      628    78375        0    74634       88       44        0       25        0        0       59681     99720   572972   215989        8        0        0        0        0        0 
   39394    80536      628    78503        0    74634       88      484        0       43        0        0       59681     99986   572715   215909      256        0        0        0        0        0 
   39193    80621      665    78556        0    74634       88      240        0       35        0        0       59734    100108   572580   215880      132        0       25        0        0        0 
   39220    80673      666    78587        0    74634       88      179        0       74        0        0       59735    100191   572512   215858       68        0        0        0        0        0 
   39080    80690      666    78591        0    74634       88       72        0       56        0        0       59735    100212   572503   215857        9        0        0        0        0        0 
   39116    80692      666    78596        0    74634       88       36        0       21        0        0       59735    100219   572493   215852       10        0        0        0        0        0 
Mach Virtual Memory Statistics: (page size of 16384 bytes)
    free   active   specul inactive throttle    wired  prgable   faults     copy    0fill reactive   purged file-backed anonymous cmprssed cmprssor  dcomprs   comprs  pageins  pageout  swapins swapouts
   39123    80708      666    78606        0    74634       88 69212119   824661 55443636  4515766   493031       59735    100245   572466   215843  4601713 13037437  1271799    18420      244    23116 
   39157    80713      666    78608        0    74634       88       39        0       20        0        0       59735    100252   572458   215839        8        0        0        0        0        0 
   39078    80709      666    78617        0    74634       88       53        0       27        0        0       59735    100257   572441   215836       17        0        0        0        0        0 
   39067    80704      666    78627        0    74634       88       60        0       25        0        0       59735    100262   572421   215830       20        0        0        0        0        0 
   39111    80736      666    78643        0    74634       88      142        0       43        0        0       59735    100310   572388   215822       33        0        0        0        0        0 
   39089    80745      666    78651        0    74634       88       62        0       23        0        0       59735    100327   572369   215815       19        0        0        0        0        0 
   39056    80755      666    78661        0    74634       88       46        0       20        0        0       59735    100347   572349   215811       20        0        0        0        0        0 
   39203    80659      666    78698        0    74634       88      162        0       33        0        0       59735    100288   572063   215722       87        0        0        0        0        0 
   39107    80661      666    78698        0    74634       88       31        0       22        0        0       59735    100290   572059   215721        4        0        0        0        0        0 
   39161    80656      666    78698        0    74634       88       45        0       28        0        0       59735    100285   572050   215716        9        0        0        0        0        0 
   39198    80675      666    78698        0    74634       88       52        0       29        0        0       59735    100304   572035   215711       15        0        0        0        0        0 
   37287    81973     1183    79308        0    74634      112     2699        1      288        0        0       60697    101767   570771   215253     1253        0      620        0        0        0 
   37164    81981     1182    79369        0    74634      112      149        0       91        0        0       60700    101832   570740   215244       27        0        1        0        0        0 
   37193    81986     1182    79375        0    74634      112       42        0       20        0        0       60700    101843   570728   215242       12        0        0        0        0        0 
   37227    81989     1182    79377        0    74634      112       36        0       24        0        0       60700    101848   570722   215240        6        0        0        0        0        0 
   37215    81984     1182    79384        0    74634      112       57        0       22        0        0       60700    101850   570705   215232       17        0        0        0        0        0 
   37050    82094     1182    79504        0    74634      112      369        0       37        0        0       60700    102080   570443   215159      262        0        0        0        0        0 
   29553    81456     1273    79041        0    83481       28     2284        0     1654        0        0       60804    100966   567684   214786     2385        0       61        0        0        0 
   36057    82753     1273    79066        0    75688      315     1085        0     1028        0        0       60804    102288   567627   214762       37        0        0        0        0        0 
   35099    81926     1273    79302        0    77286      431     1584      414     1730        0        0       60804    101697   567426   214737      200        0        0        0        0        0 
   35599    82538     1279    80321        0    75402     1301     2061        0     1064       32        0       60810    103328   566664   214518      751        0        0        0        0        0 
Mach Virtual Memory Statistics: (page size of 16384 bytes)
    free   active   specul inactive throttle    wired  prgable   faults     copy    0fill reactive   purged file-backed anonymous cmprssed cmprssor  dcomprs   comprs  pageins  pageout  swapins swapouts
   35019    82843     1289    81101        0    74777     1586 69224481   825085 55450777  4515798   493031       60821    104412   566603   214500  4606956 13037437  1272488    18420      244    23116 
   34625    82697     1315    81050        0    75404     1418     2104        7     1283        0        0       60849    104213   566214   214407      372        0        0        0        0        0 
   30619    84285     1309    81486        0    77567     1574      768        0      657        0        0       60851    106229   563413   214224     1008        0        0        0        0        0 
   29383    87481     1426    81561        0    75503     1556     2324        4     1754        0        0       60971    109497   563249   214182      144        0        5        0        0        0 
   29694    87217     1417    82287        0    74778     1594     1124        5      944        0        0       60962    109959   563173   214160       72        0        0        0        0        0 
   28735    86489     1642    83972        0    74679     1692     1808        0      908        0        0       61187    110916   562591   214006      581        0       31        0        0        0 
   28598    86452     1641    84148        0    74782     1704     1249        4      919        0        0       61186    111055   562436   213949      154        0        0        0        0        0 
   28891    86343     1643    84225        0    74490     1712      879        0      730        0        0       61188    111023   562387   213938       49        0        0        0        0        0 
   28949    86318     1643    84233        0    74450     1712      759        4      737        0        0       61188    111006   562382   213938        5        0        0        0        0        0 
   28528    86476     1663    84333        0    74726     1642     1572        4      950        0        0       61209    111263   562010   213777      371        0        1        0        0        0 
   28641    86229     1663    84233        0    74983     1330      605        0      552        0        0       61209    110916   561992   213773       18        0        0        0        0        0 
   28462    86623     1663    84469        0    74604     1811     1285        4      892        0        0       61209    111546   561760   213694      231        0        0        0        0        0 
   28721    86267     1663    84468        0    74645     1819     1076        4      966        0      384       61209    111189   561729   213683       30        0        0        0        0        0 
   28845    86289     1664    84381        0    74689     1667      838        0      614        0        0       61210    111124   561576   213624      153        0        0        0        0        0 
   28423    86606     1664    84408        0    75007     1687     1482        4     1047        0        0       61210    111468   561264   213524      311        0        0        0        0        0 
   28201    86839     1664    84624        0    74854     1805     1434        4      998        0        0       61212    111915   560999   213436      262        0        0        0        0        0 
   28450    86833     1664    84628        0    74571     1805      401        0      382        0        0       61212    111913   560997   213436        2        0        0        0        0        0 
   28163    86981     1665    84765        0    74616     1797     1561        4      976        0        0       61214    112197   560688   213315      308        0        2        0        0        0 
   28252    87034     1667    84795        0    74506     1797      927        0      800        0        0       61216    112280   560606   213278       81        0        0        0        0        0 
   28087    87126     1667    84861        0    74614     1805     1285        4     1043        0        0       61216    112438   560475   213215      131        0        0        0        0        0 
   27897    87139     1667    84877        0    74769     1821      627        0      584        0        0       61216    112467   560457   213210       18        0        0        0        0        0 
Mach Virtual Memory Statistics: (page size of 16384 bytes)
    free   active   specul inactive throttle    wired  prgable   faults     copy    0fill reactive   purged file-backed anonymous cmprssed cmprssor  dcomprs   comprs  pageins  pageout  swapins swapouts
   28005    87220     1667    84940        0    74583     1825 69249802   825141 55469478  4515798   493415       61216    112611   560329   213171  4611384 13037437  1272527    18420      244    23116 
   28082    87170     1667    84900        0    74607     1787      620        0      651        0        0       61216    112521   560314   213168       15        0        0        0        0        0 
   27934    87334     1667    84901        0    74503     1769     1288        4     1198        0        0       61216    112686   560308   213166        6        0        0        0        0        0 
   27822    87208     1667    84919        0    74741     1771     1077        4     1071        0        0       61216    112578   560299   213161        9        0        0        0        0        0 
   27574    87456     1667    85183        0    74687     1911     1299        0      736       13        0       61216    113090   559932   213011      367        0        0        0        0        0 
   27320    87582     1667    85265        0    74807     1907     1421        4     1035        0        0       61216    113298   559727   212916      204        0        0        0        0        0 
   27460    87585     1667    85276        0    74691     1921       38        0       23        0        0       61216    113312   559719   212914        8        0        0        0        0        0 
   27538    87550     1667    85280        0    74691     1877       41        0       25        0        0       61216    113281   559709   212907       10        0        0        0        0        0 
   26773    87678     1668    85375        0    75124     1747      942        0      525       33        0       61229    113492   559704   212904        5        0       11        0        0        0 
   27219    87699     1668    85396        0    74694     1751      640        0      619        0        0       61229    113534   559697   212901        7        0        0        0        0        0 
   27206    87874     1668    85421        0    74512     1755      777        4      689        0        0       61229    113734   559693   212897        3        0        0        0        0        0 
   27215    87739     1668    85442        0    74611     1743      930        4      823        0        0       61229    113620   559678   212892       15        0        0        0        0        0 
   27228    87748     1668    85449        0    74607     1743       82        0       58        0        0       61229    113636   559665   212888       13        0        0        0        0        0 
   26880    87892     1668    85598        0    74646     1823     1172        4      984        0        0       61229    113929   559592   212867       73        0        0        0        0        0 
   26923    87888     1668    85592        0    74646     1855       28        0       28        0        0       61229    113919   559592   212867        0        0        0        0        0        0 
   27114    87891     1668    85590        0    74416     1851      927        4      838        0        0       61229    113920   559581   212858       11        0        0        0        0        0 
   26841    87894     1668    85591        0    74650     1851      638        0      605        0        0       61229    113924   559574   212852        6        0        0        0        0        0 
   26687    88062     1669    85730        0    74589     1851      555        0      224        0        0       61235    114226   559358   212780      216        0        5        0        0        0 
   26729    88080     1690    85728        0    74426     1851      203        0      292        0        0       61261    114237   559352   212776        6        0        9        0        0        0 
   26736    87991     1690    85687        0    74598     1787      479        0      504        0        0       61261    114107   559343   212773        9        0        0        0        0        0 
   26749    88018     1690    85610        0    74770     1849     1077        4      992        0        0       61261    114057   559335   212772        8        0        0        0        0        0 
Mach Virtual Memory Statistics: (page size of 16384 bytes)
    free   active   specul inactive throttle    wired  prgable   faults     copy    0fill reactive   purged file-backed anonymous cmprssed cmprssor  dcomprs   comprs  pageins  pageout  swapins swapouts
   26454    88019     1690    85614        0    75021     1849 69264737   825173 55482087  4515844   493415       61261    114062   559333   212771  4612377 13037437  1272552    18420      244    23116 
   26883    87912     1690    85616        0    74703     1747     1035        0      965        0        0       61261    113957   559309   212756       20        0        0        0        0        0 
   26739    88011     1690    85597        0    74698     1747      935        4      852        0        0       61261    114037   559302   212752        7        0        0        0        0        0 
   26678    88152     1722    85657        0    74599     1829      703        0      656        0        0       61293    114238   559278   212738       24        0        0        0        0        0 
   26174    88455     1722    85826        0    74656     1853     1093        0      657        0        0       61293    114710   559019   212663      259        0        0        0        0        0 
   26583    88203     1722    85770        0    74611     1713      325        0      289        0        1       61293    114402   559017   212663        2        0        0        0        0        0 
   26363    88380     1724    85787        0    74611     1713     1068        0      817        0        0       61295    114596   558854   212588      163        0        0        0        0        0 
   26463    88373     1726    85775        0    74650     1713      203        0      214        0        0       61298    114576   558843   212586       11        0        2        0        0        0 
   26190    88408     1726    85806        0    74875     1709      925        4      801        0        0       61298    114642   558809   212571       34        0        0        0        0        0 
   26213    88440     1726    85837        0    74852     1775      949        4      870        0        0       61298    114705   558807   212570        2        0        0        0        0        0 
   26071    88300     1726    85829        0    75059     1695      908        4      820        0        0       61298    114557   558797   212566       10        0        0        0        0        0 
   26180    88277     1726    85680        0    75082     1689      595        0      542        0        0       61298    114385   558785   212562       12        0        0        0        0        0 
   26217    88632     1726    85715        0    74694     1887       40        0       28        0        0       61298    114775   558780   212562        5        0        0        0        0        0 
   26193    88541     1729    85834        0    74694     1887       84        0       21        0        0       61302    114802   558748   212554       32        0        4        0        0        0 
   26233    88487     1729    85896        0    74694     1887       57        0       24        0        0       61302    114810   558731   212551       16        0        0        0        0        0 
   26208    88484     1729    85898        0    74694     1887       38        0       25        0        0       61302    114809   558724   212550        7        0        0        0        0        0 
   26211    88469     1729    85895        0    74694     1887       38        0       27        0        0       61302    114791   558717   212546        7        0        0        0        0        0 
   26064    88522     1739    85971        0    74694     1887      369        0       30       17        0       61300    114932   558549   212501      168        0        0        0        0        0 
   26092    88517     1739    85971        0    74694     1887       22        0       18        0        0       61300    114927   558548   212501        1        0        0        0        0        0 
   25793    88907     1728    86219        0    74455     1887     1128        0      588        0        0       61302    115552   558482   212475       64        0        1        0        0        0 
   25711    88882     1728    86254        0    74455     1887       52        0       47        6        0       61302    115562   558480   212475        2        0        0        0        0        0 
Mach Virtual Memory Statistics: (page size of 16384 bytes)
    free   active   specul inactive throttle    wired  prgable   faults     copy    0fill reactive   purged file-backed anonymous cmprssed cmprssor  dcomprs   comprs  pageins  pageout  swapins swapouts
   25758    88876     1728    86218        0    74455     1887 69275371   825189 55490442  4515867   493480       61302    115520   558480   212475  4613223 13037437  1272559    18420      244    23116 
   25800    88880     1728    86220        0    74455     1887       47        0       29        0        0       61302    115526   558471   212470        9        0        0        0        0        0 
   25829    88880     1728    86223        0    74455     1887       30        0       21        0        0       61302    115529   558467   212468        4        0        0        0        0        0 
   25892    88851     1728    86216        0    74455     1887       23        0       22        0        0       61302    115493   558466   212468        1        0        0        0        0        0 
   25775    88870     1728    86212        0    74459     1887      804        0      782        0        0       61302    115508   558462   212465        4        0        0        0        0        0 
   25738    88784     1728    86196        0    74596     1795       64        0       61        0        0       61302    115406   558462   212465        0        0        0        0        0        0 
   25765    88836     1728    86195        0    74592     1795      175        0       57        0        0       61302    115457   558411   212442       51        0        0        0        0        0 
   24747    89395     1747    86902        0    74592     1795     1981        0      611        0        0       61341    116703   557484   212157      927        0       20        0        0        0 
   24634    89451     1747    86954        0    74592     1795      707        0      539        0        0       61341    116811   557379   212107      105        0        0        0        0        0 
   24605    89212     1765    86913        0    74953     1511      594        0      521        0        0       61364    116526   557334   212087       41        0       18        0        0        0 
   24745    89450     1765    86927        0    74613     1519      935        0      895        0        0       61364    116778   557312   212077       22        0        0        0        0        0 
   23774    90247     1765    87656        0    74533     1741     3405        4      961        0        0       61364    118304   556021   211589     1287        0        0        0        0        0 
   23617    90253     1765    87669        0    74627     1741      607        0      538        0        0       61364    118323   555987   211578       34        0        0        0        0        0 
   23928    90043     1765    87615        0    74593     1757      530        0      509        0        0       61364    118059   555980   211574        7        0        0        0        0        0 
   23778    90084     1766    87696        0    74593     1759      241       20       83        0        0       61365    118181   555940   211560       40        0        0        0        0        0 
   20561    91878     3130    88113        0    74646     1861     4839      168     1353        0        0       63083    120038   554927   211122     1001        0     1156        0        0        0 
   20522    91782     3130    88240        0    74730     1869     1064        4      978        0        0       63083    120069   554915   211115       12        0        0        0        0        0 
   13259    93888     3481    89472        0    78625     1819     6066        0     4677        0        0       63719    123122   553835   210835     1064        0      513        0        0        0 
   12857    93971     3481    89422        0    78940     1675      562        0      554        0        0       63719    123155   553832   210834        3        0        0        0        0        0 
   12759    94725     3481    89718        0    78036     1763       45        0       32        0        0       63719    124205   553828   210831        4        0        0        0        0        0 
    9697    96859     3708    91133        0    78116     1860     6955      219     1151        0        0       64033    127667   551236   210003     2590        0      162        0        4        0 
Mach Virtual Memory Statistics: (page size of 16384 bytes)
    free   active   specul inactive throttle    wired  prgable   faults     copy    0fill reactive   purged file-backed anonymous cmprssed cmprssor  dcomprs   comprs  pageins  pageout  swapins swapouts
    7651    97524     3731    91700        0    78952     1758 69307782   825604 55507319  4515867   493480       64056    128899   551207   209989  4620458 13037437  1274428    18420      248    23116 
    7652    98386     3731    92887        0    76973     1785     1594        4     1028        0        0       64056    130948   550734   209876      473        0        0        0        0        0 
    7632    98818     3755    93371        0    76152     1971      701        0      469        0        0       64097    131847   550610   209856      119        0       36        0       24        0 
    7495    98358     3769    93230        0    76829     1965     1066        4      981        0        0       64113    131244   550603   209854        7        0        8        0        0        0 
    7738    97856     3769    92387        0    77886     1965      624        0      592        0        0       64113    129899   550598   209852        5        0        0        0        0        0 
    7856    97553     3782    92357        0    78208     1961     1058        4      956       33        0       64113    129579   550588   209846        9        0        0        0        0        0 
    7667    97330     3784    92441        0    78447     1940     1118        4     1031        0        0       64115    129440   550582   209844        6        0        0        0        0        0 
    7822    99294     3794    92499        0    76267     1944      828        0      788        0        0       64126    131461   550575   209840        7        0        6        0        0        0 
    7850    97539     3794    92635        0    77877     2156      332        0      325        0        0       64126    129842   550571   209839        4        0        0        0        0        0 
    7893    98665     3804    92646        0    76644     2168      335        0      301        0        0       64136    130979   550554   209832       17        0        0        0        0        0 
    7795    97591     3804    92705        0    77801     2168       39        0       34        0        0       64136    129964   550552   209832        2        0        0        0        0        0 
    7914    98713     3804    92700        0    76530     2168       36        0       24        0        0       64136    131081   550552   209832        0        0        0        0        0        0 
    7767    97590     3804    92683        0    77797     2168       33        0       28        0        0       64136    129941   550551   209832        1        0        0        0        0        0 
    7881    98623     3804    92683        0    76640     2168       48        0       23        0        0       64136    130974   550513   209820       14        0        0        0        0        0 
    7822    97585     3804    92666        0    77801     2164       41        0       38        0        0       64136    129919   550513   209820        0        0        0        0        0        0 
    7940    98594     3807    92666        0    76640     2164       25        0       22        0        0       64140    130927   550512   209820        1        0        4        0        0        0 
    7796    97613     3814    92659        0    77797     2168      145        0      115        7        0       64147    129939   550493   209811       19        0        0        0        0        0 
    8100    98523     3814    92608        0    76751     2168      770        0      742        0       64       64147    130798   550489   209809        4        0        0        0        0        0 
    6407    97750     4244    92636        0    78808     1794     1251        0      544        0        0       65025    129605   550214   209706      271        0      539        0        8        0 
    6051    99115     4435    92687        0    77593     1384      597        0      346        0        0       65331    130906   550151   209683       63        0      195        0        0        0 
    5159    99112     4470    93497        0    78441     1541     4355        0      836        0        0       65419    131660   548248   208846     1863        0       56        0        4        0 
Mach Virtual Memory Statistics: (page size of 16384 bytes)
    free   active   specul inactive throttle    wired  prgable   faults     copy    0fill reactive   purged file-backed anonymous cmprssed cmprssor  dcomprs   comprs  pageins  pageout  swapins swapouts
    5293   100580     5303    94323        0    77239      981 69328071   825625 55520165  4515907   493832       66748    133458   547477   206850  4624114 13037437  1276101    18420      292    23116 
    4913   100517     5592    93634        0    78112     1131      263        0      148        0        0       67067    132676   547419   206818       58        0       83        0        0        0 
    4711   101311     5542    93569        0    77584     1124     1297        0      915        0        0       67016    133406   547355   206801       64        0       48        0        0        0 
    3755   100350     5510    93782        0    79317     1202      794        2      599        0        0       67063    132579   547294   206785       61        0       28        0        0        0 
    3789   101384     5539    94648        0    77628     1256     1724        1      788        0      546       67422    134149   546931   206606      363        0      291        0        0        0 
    3947   102612     5534    94728        0    76128      540      620        0      531        0      852       67432    135442   546898   206585       33        0       11        0        0        0 
    3997   101037     5256    94836        0    78163        0     3391        8     1817        1      616       67353    133776   546147   206293      740        0      232        1       20        0 
    3862   100646     4106    95779        0    78919        0     2429        0     2478       16       88       66249    134282   546106   206276       40        0       17       20        4        0 
    3701   101859     4107    95860        0    77696      155      840        0      782        0        0       66250    135576   546094   206273       12        0        0        0        0        0 
    4536   101468     3584    96631        0    77001       48      755        0      706        0      135       65710    135973   546077   206269       17        0        0        0        0        0 
    4590   102376     3594    96708        0    75983       68      234        0      190        0        0       65720    136958   546051   206267       26        0        0        0        0        0 
    4669   101842     3600    97160        0    76023      376      553        0      532        0        0       65726    136876   546040   206266        7        0        0        0        0        0 
    4632   101187     3601    96883        0    76938       64      164        1      121        0        0       65728    135943   546024   206263       14        0        2        0        0        0 
    4778   101078     3602    96845        0    76922       64       56        0       33        0        0       65729    135796   546017   206262        7        0        0        0        0        0 
    4561   101505     3672    97047        0    76572      360      614        0      416       34        0       65836    136388   545908   206224      103        0       67        0        0        0 
    4304   100763     3692    96247        0    78365      278     1281        4     1156        0        0       65858    134844   545892   206219       16        0        5        0        0        0 
    4109   101674     3743    96813        0    77080      326     1205        0      852        0        0       65911    136319   545674   206132      218        0        2        0        0        0 
    4125   101603     3750    96735        0    77286      298      860        4      766        0        0       65919    136169   545669   206132        5        0        4        0        0        0 
    4009   101157     3751    96474        0    77990      180     1176        4     1013        0        0       65920    135462   545611   206114       58        0        0        0        0        0 
    4089   102191     3763    96659        0    76676      342      876        0      810        0        0       65933    136680   545589   206110       22        0        1        0        0        0 
    3935   101730     3764    96760        0    77189      326     1018        4      938        0        0       65934    136320   545586   206109        3        0        0        0        0        0 
Mach Virtual Memory Statistics: (page size of 16384 bytes)
    free   active   specul inactive throttle    wired  prgable   faults     copy    0fill reactive   purged file-backed anonymous cmprssed cmprssor  dcomprs   comprs  pageins  pageout  swapins swapouts
    3922   102127     3764    96845        0    76789      354 69348656   825653 55536150  4515958   496069       65934    136802   545577   206103  4625990 13037437  1276892    18441      316    23116 
    4126   102019     3765    97088        0    76411      296       24        0       16        0        0       65935    136937   545574   206102        3        0        0        0        0        0 
    4130   101470     3765    97086        0    77076      238       70        0      107        0        0       65935    136386   545570   206101        4        0        0        0        0        0 
    4128   101554     3765    97118        0    76921      406      280        0      260        0        0       65935    136502   545561   206100        9        0        0        0        0        0 
    3825   100968     3766    96710        0    78203      128      999        4     1043        0        0       65936    135508   545555   206097        5        0        0        0        0        0 
    4034   101210     3713    97022        0    77560        0     1016        4      793        0      472       65883    136062   545473   205981       82        0        0        0        0        0 
    4137   101544     3714    96771        0    77317      144      704        0      852        0        0       65884    136145   545453   205978       20        0        0        0        0        0 
    4422   100972     3242    96748        0    78153      184     1094        4     1362        0      148       65412    135550   545435   205962       18        0        0        0        0        0 
    4486   102934     3242    97131        0    75801      786      926        0      890        0        0       65412    137895   545421   205957       14        0        0        0        0        0 
    4489   101742     3243    97526        0    76609      770      689        0      658        0        0       65413    137098   545415   205953        6        0        0        0        0        0 
    4144   101457     3243    97421        0    77406      722     1184        4     1085        0        0       65413    136708   545395   205950       20        0        0        0        0        0 
    4421   101750     3246    97541        0    76605      778      570        0      535        0        0       65416    137121   545381   205942       14        0        0        0        0        0 
    4197   101572     3247    97367        0    77201      738     1375        4     1288        0        0       65417    136769   545370   205937       11        0        0        0        0        0 
    4488   101937     3247    97540        0    76462      934      729        0      707        0        0       65417    137307   545366   205935        4        0        0        0        0        0 
    4300   101604     3248    97369        0    77148      758     1173        4     1078        0        0       65418    136803   545363   205933        3        0        0        0        0        0 
    4274   101969     3248    97552        0    76547      806      582        0      522        0        0       65418    137351   545335   205928       27        0        0        0        0        0 
    4373   101647     3249    97357        0    77019      766      992        4      919        0        0       65419    136834   545331   205928        4        0        0        0        0        0 
    4295   102450     3249    97516        0    76072      810      581        0      562        0        0       65419    137796   545329   205927        2        0        0        0        0        0 
    4239   101661     3249    97351        0    77145      770     1023        4      921        0        0       65419    136842   545321   205926        8        0        0        0        0        0 
    4249   102123     3250    97444        0    76547      818      497        0      444        0        0       65420    137397   545296   205924       25        0        0        0        0        0 
    4283   102517     3250    97269        0    76248      732      411        0      392        0        0       65420    137616   545293   205923        3        0        0        0        0        0 
Mach Virtual Memory Statistics: (page size of 16384 bytes)
    free   active   specul inactive throttle    wired  prgable   faults     copy    0fill reactive   purged file-backed anonymous cmprssed cmprssor  dcomprs   comprs  pageins  pageout  swapins swapouts
    4292   101970     3251    97070        0    77021      660 69364620   825689 55551557  4515958   496689       65421    136870   545292   205923  4626273 13037437  1276892    18441      316    23116 
    4173   101582     3251    97640        0    77035      826      755        0      538        0        0       65421    137052   545170   205876      121        0        0        0        0        0 
    4030   101633     3251    97566        0    77286      790     1240        4     1152       17        0       65421    137029   545156   205872       14        0        0        0        0        0 
    4104   101716     3252    97520        0    77138      802     1004        4      918        0        0       65422    137066   545150   205870        6        0        0        0        0        0 
    4198   101547     3252    97790        0    76966      718     1005        0      954        0        0       65422    137167   545140   205867       10        0        0        0        0        0 
    4151   101519     3253    97197        0    77516      894      780        0      759        0        0       65423    136546   545140   205867        0        0        0        0        0        0 
    3893   101350     3327    97007        0    78038      756      911        0      637        7        0       65497    136187   545122   205864       18        0        1        0        0        0 
    3920   101907     3328    97107        0    77398      854      236        0      212        0        0       65498    136844   545107   205861       15        0        0        0        0        0 
    3974   102281     3328    97582        0    76548     1138      619        0      612        0        0       65498    137693   545103   205859        4        0        0        0        0        0 
    7209   100503     3390    96836        0    75991      572     1060        1      696        0      462       65600    135129   544869   205716      229        0       66        0        0        0 
    6689   101324     3427    96288        0    76147      469     1054        0      808        0        0       65645    135394   544822   205700       41        0       14        0        0        0 
    6691   101007     3428    96581        0    76117      473      265        0      263        0        0       65646    135370   544822   205700        0        0        0        0        0        0 
    6664   102684     3428    96658        0    74487      521      727        0      655        0        0       65646    137124   544785   205684       37        0        0        0        0        0 
    6645   102653     3427    96691        0    74487      521       44        0       36        0        0       65645    137126   544781   205684        4        0        0        0        0        0 
    6432   102618     3591    96734        0    74487      521       56        0       38        0        0       65809    137134   544774   205682        7        0       28        0        0        0 
    6315   101350     3634    96885        0    75772      408     1833        0     1620        0       12       65875    135994   544628   205644      145        0       38        0        0        0 
    6351   101313     3634    96865        0    75772      381       47        0       36        0        0       65875    135937   544626   205644        2        0        0        0        0        0 
    6305   101383     3634    96899        0    75628      381       40        0       31        0        0       65875    136041   544620   205644        6        0        0        0        0        0 
    6341   101350     3635    96926        0    75628      381       29        0       21        0        0       65876    136035   544616   205644        4        0        0        0        0        0 
    6403   101346     3635    96932        0    75628      381      142        0       84        0        0       65876    136037   544592   205632       24        0        0        0        0        0 
    6795   101104     3635    96819        0    75628      381       34        0       31        0      128       65876    135682   544590   205632        2        0        0        0        0        0 
Mach Virtual Memory Statistics: (page size of 16384 bytes)
    free   active   specul inactive throttle    wired  prgable   faults     copy    0fill reactive   purged file-backed anonymous cmprssed cmprssor  dcomprs   comprs  pageins  pageout  swapins swapouts
    6819   101081     3635    96813        0    75628      381 69376557   825698 55561709  4515982   497291       65876    135653   544588   205631  4626964 13037437  1277039    18441      316    23116 
    6741   101622     3635    96834        0    75052      381       34        0       24        0        0       65876    136215   544585   205630        3        0        0        0        0        0 
    6670   101477     3647    97047        0    75052      381      142        0       39        0        0       65888    136283   544520   205615       65        0        2        0        0        0 
    6026   101789     3810    97260        0    75052      381      703        0      609        0        0       66051    136808   544445   205582       65        0       78        0        0        0 
    6628   101477     3814    97024        0    75052      380       50        0       44        0      552       66056    136259   544443   205581        2        0        1        0        0        0 
    6604   101474     3814    97026        0    75052      380       39        0       23        0        0       66056    136258   544435   205577        8        0        0        0        0        0 
    6262   101469     3814    97023        0    75406      356       54        0       47        0        0       66056    136250   544432   205577        3        0        0        0        0        0 
    6295   101480     3814    97023        0    75406      356       41        0       27        0        0       66056    136261   544422   205575       10        0        0        0        0        0 
    6231   100870     3814    96683        0    76348      356       32        0       27        0        0       66056    135311   544420   205573        2        0        0        0        0        0 
    6231   102871     3814    97067        0    73965      684       57        0       50        0        0       66056    137696   544414   205572        6        0        0        0        0        0 
    6260   102840     3814    97098        0    73965      684       24        0       21        0        0       66056    137696   544411   205571        3        0        0        0        0        0 
    6301   102632     3814    97304        0    73965      684       38        0       29       28        0       66056    137694   544408   205569        3        0        0        0        0        0 
    5926   102400     4058    97642        0    73965      684      170        0       57        0        0       66346    137754   544370   205563       38        0      183        0        0        0 
    5865   102416     4058    97644        0    73965      684      109        0       46        0        0       66346    137772   544346   205555       24        0        0        0        0        0 
    5906   102415     4058    97643        0    73965      684       34        0       34        0        0       66346    137770   544346   205555        0        0        0        0        0        0 
    5910   102463     4077    97666        0    73965      684      121        0       32        0        0       66368    137838   544283   205540       63        0       14        0        0        0 
    5873   102753     4077    97696        0    73645      684       27        0       18        0        0       66368    138158   544280   205538        3        0        0        0        0        0 
    5875   102681     4077    97760        0    73645      684       54        0       40        0        0       66368    138150   544274   205536        6        0        0        0        0        0 
    5898   102495     4077    97667        0    73965      684      323        0      303        1        0       66369    137870   544267   205536        7        0        0        0        0        0 
    5835   102513     4077    97670        0    73965      684      531        0      516        6        0       66369    137891   544262   205534        5        0        0        0        0        0 
    5144   102330     4085    97501        0    74953      338     1339        4     1188        2        0       66378    137538   544202   205514       53        0        3        0        0        0 
Mach Virtual Memory Statistics: (page size of 16384 bytes)
    free   active   specul inactive throttle    wired  prgable   faults     copy    0fill reactive   purged file-backed anonymous cmprssed cmprssor  dcomprs   comprs  pageins  pageout  swapins swapouts
    5262   102105     4085    97580        0    74987      162 69381343   825706 55565783  4516019   497843       66378    137392   544195   205511  4627340 13037437  1277320    18441      316    23116 
    5350   102199     4085    97512        0    74899      294      801        0      784        0        0       66378    137418   544193   205510        2        0        0        0        0        0 
    5470   102283     4085    97782        0    74348      578     1188        4     1106        0        0       66378    137772   544189   205509        4        0        0        0        0        0 
    5568   102258     4085    97773        0    74348      722      644        0      616        0        0       66378    137738   544186   205509        3        0        0        0        0        0 
    5465   102251     4085    97752        0    74526      738      424        0      399        0        0       66378    137710   544178   205504        8        0        0        0        0        0 
    4064   103279     4453    98109        0    74526      796     2210        0      701        0        0       66955    138886   543302   205216      876        0      364        0        0        0 
    3908   103358     4486    98119        0    74526      796      361        0      288        0        0       67023    138940   543275   205211       27        0       42        0        4        0 
    3774   104936     4486    98261        0    72904      796      323        0      221        0        0       67023    140660   543222   205206       53        0        0        0        0        0 
    3746   104904     4486    98296        0    72904      796       34        0       28        0        0       67023    140663   543218   205204        4        0        0        0        0        0 
    3762   104860     4486    98356        0    72904      796       87        0       80        0        0       67023    140679   543214   205204        4        0        0        0        0        0 
    4126   104366     4571    98687        0    72897      232      678        0      350        0      564       67109    140515   543086   204919      128        0        0        0        0        0 
    4348   104699     4570    98683        0    72381      232       29        0       28        0        0       67108    140844   543086   204919        0        0        0        0        0        0 
    4423   104562     4570    98818        0    72381      232       41        0       28        0        0       67108    140842   543081   204918        5        0        0        0        0        0 
    3742   105106     4584    99603        0    72381      232     1894        0      136        0        0       67128    142165   541859   204167     1221        0       20        0        0        0 
    3992   105132     4587    99600        0    72381      232      772        0       91        0      384       67132    142187   541457   203887      395        0        1        0        0        0 
    3965   105140     4587    99604        0    72381      232       51        0       34        0        0       67132    142199   541447   203887       10        0        0        0        0        0 
    4001   105132     4587    99605        0    72381      232       25        0       22        0        1       67132    142192   541446   203886        1        0        0        0        0        0 
    4024   105131     4587    99605        0    72381      232       22        0       16        0        0       67132    142191   541444   203886        2        0        0        0        0        0 
    4006   105116     4587    99604        0    72381      232       25        0       21        0        0       67132    142175   541441   203885        3        0        0        0        0        0 
    4029   105111     4587    99622        0    72381      232      160        0      151       26        0       67132    142188   541437   203884        4        0        0        0        0        0 
    3984   105131     4587    99622        0    72381      232      629        0      596        0        0       67132    142208   541426   203881       11        0        0        0        0        0 
Mach Virtual Memory Statistics: (page size of 16384 bytes)
    free   active   specul inactive throttle    wired  prgable   faults     copy    0fill reactive   purged file-backed anonymous cmprssed cmprssor  dcomprs   comprs  pageins  pageout  swapins swapouts
    4018   105134     4587    99621        0    72381      232 69391774   825710 55571507  4516045   498792       67132    142210   541423   203881  4630104 13037437  1277747    18441      320    23116 
    3981   105157     4587    99621        0    72381      244       44        0       42        0        0       67132    142233   541422   203879        1        0        0        0        0        0 
    3700   104285     3143   100313        0    74608       30     4406      178     1781        3      287       66007    141734   540918   203506      500        0      319        3        0        0 
    3967   104176     2619   100587        0    74772       50     1813       78     1104        0       30       65509    141873   540864   203491       52        0       58        0        0        0 
